################################################################################
# Symmetry function scaling data.
################################################################################
# Col  Name     Description
################################################################################
# 1    e_index  Element index.
# 2    sf_index Symmetry function index.
# 3    sf_min   Symmetry function minimum.
# 4    sf_max   Symmetry function maximum.
# 5    sf_mean  Symmetry function mean.
# 6    sf_sigma Symmetry function sigma.
#########################################################################################################################
#        1          2                        3                        4                        5                        6
#  e_index   sf_index                   sf_min                   sf_max                  sf_mean                 sf_sigma
#########################################################################################################################
         1          1   0.0000000000000000E+00   1.0743253722073002E+01   1.6952381657372069E+00   1.6700199787896743E+00
         1          2  -6.8051060926918365E-17   7.0842023768664175E+00   8.5499306026513705E-02   2.4597822089387125E-01
         1          3   0.0000000000000000E+00   4.9942964198905040E+00   1.2726241131737765E+00   1.3158546877916473E+00
         1          4   0.0000000000000000E+00   1.0027651463107977E+01   1.5691162031878532E+00   1.5409282765662469E+00
         1          5  -5.2209643484013289E-17   6.6287415884869292E+00   7.7050693722028565E-02   2.2642123665957903E-01
         1          6   0.0000000000000000E+00   4.6624728619219651E+00   1.1835457887504293E+00   1.2246919719139475E+00
         1          7   0.0000000000000000E+00   8.8945857960513415E+00   1.3549808061220263E+00   1.3210881665781666E+00
         1          8  -3.0731402604437224E-17   5.8326928196619425E+00   6.2951658018056120E-02   1.9369486221320506E-01
         1          9   0.0000000000000000E+00   4.1011290399130216E+00   1.0274129767237159E+00   1.0648962411147564E+00
         1         10   0.0000000000000000E+00   7.4079361747871726E+00   1.0676314895373160E+00   1.0255150934085946E+00
         1         11  -1.1838027937050006E-17   4.6997585493789664E+00   4.4659837540811105E-02   1.5081685905851847E-01
         1         12   0.0000000000000000E+00   3.3113308225291025E+00   8.0494689054559809E-01   8.3714402735318993E-01
         1         13   0.0000000000000000E+00   5.4913020307904468E+00   7.5347812040202522E-01   7.0571043478951712E-01
         1         14  -2.1714041090017275E-18   3.3117689146157376E+00   2.5911491292369363E-02   1.0507281186877965E-01
         1         15   0.0000000000000000E+00   2.3317644711947749E+00   5.3534566105212189E-01   5.6084719304917885E-01
         1         16   0.0000000000000000E+00   3.3740785441158123E+00   4.8330864185710737E-01   4.4696096624511805E-01
         1         17  -9.5224218596245698E-20   1.8572729374677430E+00   1.1718638458751261E-02   6.4535010130561135E-02
         1         18   0.0000000000000000E+00   1.3595466969861632E+00   2.6691844328750192E-01   2.8474503625442366E-01
         1         19   0.0000000000000000E+00   1.7848827351022136E+00   3.0700069362648191E-01   2.9856570649882286E-01
         1         20  -3.1112097232475171E-22   7.6175597288366059E-01   4.5363930615956180E-03   3.3775263280418549E-02
         1         21   0.0000000000000000E+00   6.3856109859754351E-01   8.2356935582851828E-02   9.2314235621336005E-02
         1         22   0.0000000000000000E+00   1.1767610273772917E+00   1.9089529330668883E-01   1.9704211946275380E-01
         1         23  -1.3891449346602950E-26   4.2190789070859858E-01   1.5493952507034670E-03   1.3612797459636483E-02
         1         24   0.0000000000000000E+00   3.9926626554611500E-01   1.2181438153951953E-02   1.5804137941891332E-02
         1         25   0.0000000000000000E+00   7.3641017353249261E+00   1.3176514971252951E-01   3.4960926524761859E-01
         1         26   0.0000000000000000E+00   8.4404493497772481E-01   2.4797592479017983E-03   2.0562508241277640E-02
         1         27   0.0000000000000000E+00   1.5849766722305858E+00   4.2166253975715079E-02   8.7374898421967814E-02
         1         28  -7.2990649190430920E-20   2.2363371178960785E+00   8.8328371035751988E-04   3.7971115094068350E-02
         1         29   0.0000000000000000E+00   9.8416577351609169E-01   7.8938701854051972E-03   2.9137269574678368E-02
         1         30  -1.8869265007675880E-18   1.2212113990598059E+00   7.5618363550011392E-02   1.0036139627744030E-01
         1         31   0.0000000000000000E+00   1.6941807405427973E+01   3.3292071781520294E-01   8.7986937606491766E-01
         1         32   0.0000000000000000E+00   2.2885861831352430E+00   1.3766989046038730E-02   1.3241057396755038E-01
         1         33   0.0000000000000000E+00   3.7839323250414227E+00   1.3962290713371725E-01   2.5046068078703565E-01
         1         34  -2.6849543002735553E-19   4.6624962043759481E+00   2.1062380520996396E-03   8.5341607469729561E-02
         1         35   0.0000000000000000E+00   2.1115159289057575E+00   2.7043216058192786E-02   7.8328973047580061E-02
         1         36  -1.5230066800632588E-17   1.5896265812282575E+00   8.3664024972334258E-02   1.0896422773843888E-01
         1         37   0.0000000000000000E+00   1.6132051070610396E+00   1.8810501664972921E-02   5.3523440304836356E-02
         1         38   0.0000000000000000E+00   2.7388655405060058E-01   1.2374802223894880E-04   2.3848827481551755E-03
         1         39   0.0000000000000000E+00   3.0528177379665034E-01   1.1032522425646495E-03   5.3313753779025506E-03
         1         40  -3.2564044304327557E-23   2.2704252766556604E-01   6.3890132160776355E-05   2.7579386930914346E-03
         1         41   0.0000000000000000E+00   3.9132179125991812E-01   1.3572611807564770E-04   2.2921422367845447E-03
         1         42  -3.0717969160014400E-23   1.9592224149005411E-01   4.9717312189822517E-03   8.8426616211403752E-03
         1         43   0.0000000000000000E+00   6.5112440693386349E+00   1.5556443588290786E-01   3.8847569970712387E-01
         1         44   0.0000000000000000E+00   1.3357006183442857E+00   7.6349492544307111E-03   7.8817215837323498E-02
         1         45   0.0000000000000000E+00   1.7295559517375825E+00   4.9208171888408307E-02   8.3701977406792333E-02
         1         46  -8.0678231088799197E-20   1.3616815251408969E+00   6.7628700728037717E-04   2.5460273174939423E-02
         1         47   0.0000000000000000E+00   7.5744082440391614E-01   9.1948591847031570E-03   2.4728023425503221E-02
         1         48  -8.4932409622201744E-18   3.4570246506345725E-01   7.4806317718348770E-03   1.0574013070703691E-02
         1         49   0.0000000000000000E+00   4.1548326635783901E+01   1.5913396255031027E+00   3.6790234550188021E+00
         1         50   0.0000000000000000E+00   4.6812991317137769E+00   3.3177240649070128E-02   1.5270649905336178E-01
         1         51   0.0000000000000000E+00   1.0055863986986004E+01   5.5836266213358721E-01   1.0249828960172764E+00
         1         52  -4.6363845569966434E-18   1.7652648852445800E+01   1.3952096103449121E-02   3.3872875552797860E-01
         1         53   0.0000000000000000E+00   5.6441056267252563E+00   1.0204663891241759E-01   3.0851287801838034E-01
         1         54  -7.9199457110139018E-18   8.7768332034705097E+00   1.0972126002136628E+00   1.3741773927724901E+00
         1         55   0.0000000000000000E+00   3.8166192042499084E+01   1.3701263627133953E+00   3.2688315561739949E+00
         1         56   0.0000000000000000E+00   4.2786234526312796E+00   3.6560178789316541E-02   2.0493624988407858E-01
         1         57   0.0000000000000000E+00   9.3012857953706476E+00   4.8825786868680066E-01   8.2525328668171360E-01
         1         58  -1.5169583147699032E-17   1.4730197116548601E+01   1.0186818366361263E-02   2.8147009138229967E-01
         1         59   0.0000000000000000E+00   5.5063536445610062E+00   1.0749296660232127E-01   3.0102953266475352E-01
         1         60  -6.3924748625374331E-17   6.7006313541035007E+00   7.6418538479361942E-01   9.2661026263673685E-01
         1         61   0.0000000000000000E+00   1.2866783951176409E+01   4.7442781993715311E-01   1.0814780975739124E+00
         1         62   0.0000000000000000E+00   1.8542325284335244E+00   9.3415893349663576E-03   5.2042212517081694E-02
         1         63   0.0000000000000000E+00   3.5415142378009401E+00   1.6928534495981423E-01   3.3234236250597671E-01
         1         64  -2.0014451521363553E-20   4.9546680394003637E+00   4.0696913717143306E-03   9.1267508454485696E-02
         1         65   0.0000000000000000E+00   2.2037617958350828E+00   2.8569031593237860E-02   9.2603672186262226E-02
         1         66  -1.2893170348762760E-22   2.5961565123250603E+00   2.8747534663969365E-01   3.8948039217094754E-01
         1         67   0.0000000000000000E+00   9.4902955473985440E+00   3.1400696498761044E-01   7.5132986843140870E-01
         1         68   0.0000000000000000E+00   1.6008405206464271E+00   1.1402504958653704E-02   9.9668632890343486E-02
         1         69   0.0000000000000000E+00   2.7216473781693669E+00   1.0734999304206450E-01   1.7345939748235725E-01
         1         70  -4.5581972646093984E-18   2.6716687359317626E+00   1.5107165708921710E-03   5.0734890783219105E-02
         1         71   0.0000000000000000E+00   1.3743616478745355E+00   2.5732046346319676E-02   6.8016246844272918E-02
         1         72  -3.5648451226891952E-17   7.7442011203572358E-01   5.2694856378287337E-02   6.6700099003154170E-02
         1         73   0.0000000000000000E+00   2.0436357370789203E+01   5.7965117384885834E-01   1.3618516281378954E+00
         1         74   0.0000000000000000E+00   2.5474692650230271E+00   1.0638996579931673E-02   6.4538557240623490E-02
         1         75   0.0000000000000000E+00   4.3301259712095233E+00   1.9610076345955010E-01   3.9345068426841878E-01
         1         76  -2.8351800212338374E-19   7.9283994063248819E+00   4.6808140608665437E-03   1.4698260077273886E-01
         1         77   0.0000000000000000E+00   2.5982914129000130E+00   3.1234713061556091E-02   1.0537782000284789E-01
         1         78  -6.0412278585391851E-19   3.9650180786108353E+00   4.3486673698208095E-01   5.5655250322101735E-01
         1         79   0.0000000000000000E+00   1.8858458168185273E+01   4.6604541536383021E-01   1.1581295948845813E+00
         1         80   0.0000000000000000E+00   2.3363327782547745E+00   1.4181695892647062E-02   1.0614372715360926E-01
         1         81   0.0000000000000000E+00   3.8872026592910123E+00   1.6944833682088742E-01   3.1081445640412136E-01
         1         82  -9.1368973062496179E-19   6.4184635969459229E+00   3.4460344384313374E-03   1.1883922903391726E-01
         1         83   0.0000000000000000E+00   2.2210798374286571E+00   3.2347507244255801E-02   9.8737249178532896E-02
         1         84  -4.8760936796407295E-18   2.9039702615343703E+00   2.8674032702695290E-01   3.5310225242974352E-01
         1         85   0.0000000000000000E+00   6.1765159760387700E+00   1.7962556069843713E-01   4.1504909548950730E-01
         1         86   0.0000000000000000E+00   1.0836701904499735E+00   2.9815897118013711E-03   2.2932268126930017E-02
         1         87   0.0000000000000000E+00   1.6200201887125685E+00   6.0318571194835906E-02   1.3163807054402307E-01
         1         88  -1.2238970342460358E-21   2.2617915154961543E+00   1.3281716215435655E-03   3.8630146889340307E-02
         1         89   0.0000000000000000E+00   1.1570018141843101E+00   8.8506522659912070E-03   3.2549827715854546E-02
         1         90  -9.8347365926407976E-24   1.1653038057056486E+00   1.1003134657705073E-01   1.5403612502832184E-01
         1         91   0.0000000000000000E+00   4.5532844588999053E+00   1.0084327653071953E-01   2.5823547360471494E-01
         1         92   0.0000000000000000E+00   9.7377059235513086E-01   5.3902247054060269E-03   5.5459478827802174E-02
         1         93   0.0000000000000000E+00   1.1343051815982583E+00   3.5323835982970481E-02   6.1556317899695970E-02
         1         94  -2.7454795496263364E-19   1.0902965746809090E+00   5.2963501385098013E-04   2.0120380419643192E-02
         1         95   0.0000000000000000E+00   5.6419221276840636E-01   7.3005940060133483E-03   2.0291871732009262E-02
         1         96  -2.7192158194491576E-18   2.6177205872414822E-01   1.5545888005234161E-02   1.9915261868524155E-02
         1         97   0.0000000000000000E+00   4.3104755287172418E+00   7.4409617852062571E-02   1.8890996811228952E-01
         1         98   0.0000000000000000E+00   6.1419423720283783E-01   1.0752600784717712E-03   1.0621898374714429E-02
         1         99   0.0000000000000000E+00   8.6414992552704029E-01   1.8845979231773367E-02   4.7513092187575143E-02
         1        100  -2.2447162826972803E-22   1.3282260370403900E+00   5.4573784186031878E-04   2.2348388496547449E-02
         1        101   0.0000000000000000E+00   8.2701522885277856E-01   2.2647575954667402E-03   1.2885467930101291E-02
         1        102  -8.4148043807400073E-22   7.3961031881519701E-01   5.1000309787073046E-02   7.1295447535636949E-02
         1        103   0.0000000000000000E+00   4.0294256806788225E+00   4.8532922424961655E-02   1.3555875134295053E-01
         1        104   0.0000000000000000E+00   6.8319019123230817E-01   2.2475016786818970E-03   2.3642864315444226E-02
         1        105   0.0000000000000000E+00   8.5205323141460454E-01   1.6126806756108218E-02   3.8093966260391895E-02
         1        106  -6.9594351361501729E-22   1.0223181604824156E+00   4.0486730125143742E-04   1.7378164032375281E-02
         1        107   0.0000000000000000E+00   3.5667456003700521E-01   2.1446961747763251E-03   9.9679413834921644E-03
         1        108  -6.7918932073290762E-21   4.3128749858311033E-01   3.0132808283316562E-02   3.9521144582094769E-02
         1        109   0.0000000000000000E+00   1.5822967195182798E+00   2.5784875496112348E-02   6.7935125737056234E-02
         1        110   0.0000000000000000E+00   3.4402964882796971E-01   2.9781540876083122E-04   4.1694424495454822E-03
         1        111   0.0000000000000000E+00   3.5620795280277240E-01   5.8846056130783114E-03   1.6716950010416440E-02
         1        112  -9.6900428916023227E-25   4.1431075592305022E-01   1.4791691107246177E-04   5.6868972956769124E-03
         1        113   0.0000000000000000E+00   4.4428150566810592E-01   6.4242813055413305E-04   4.2287067681401171E-03
         1        114  -1.3698768942509181E-26   2.9633685802761611E-01   1.2255441832305008E-02   1.9243994266804860E-02
         1        115   0.0000000000000000E+00   8.8303805376309441E-01   8.6205314871231047E-03   2.7279741204459137E-02
         1        116   0.0000000000000000E+00   3.4698274632354081E-01   1.0932667058912190E-03   1.3029221238456810E-02
         1        117   0.0000000000000000E+00   1.6429453756432913E-01   2.9205796298134553E-03   6.4940315842697983E-03
         1        118  -2.0911898429877438E-22   1.5888415587053889E-01   6.2851921220902077E-05   2.7192267755088129E-03
         1        119   0.0000000000000000E+00   9.5604580110007137E-02   3.8633158557442728E-04   1.3629781088304359E-03
         1        120  -3.7875858559672442E-21   5.9424265854059841E-02   9.9318709491118436E-04   1.3380877700809749E-03
         1        121   0.0000000000000000E+00   1.4860805157866410E+00   1.2909330297218713E-02   3.9872462669433402E-02
         1        122   0.0000000000000000E+00   2.1697363835077510E-01   1.5605174356174870E-04   2.1336678803345085E-03
         1        123   0.0000000000000000E+00   2.6245021732497259E-01   2.1157419802927116E-03   7.0751380435716037E-03
         1        124  -8.8377674799393449E-26   2.4239984384305804E-01   7.7497067614593944E-05   3.3501690102278260E-03
         1        125   0.0000000000000000E+00   3.0062404432222323E-01   2.2805949089681817E-04   2.4672149186094924E-03
         1        126  -6.1597570780059720E-25   1.6088919571947474E-01   5.9172240026138436E-03   9.5184154284885334E-03
         1        127   0.0000000000000000E+00   1.2955325467110490E+00   6.8605493706116747E-03   2.4065335562029316E-02
         1        128   0.0000000000000000E+00   2.3198519145068550E-01   4.2387227532483487E-04   5.0908289789967382E-03
         1        129   0.0000000000000000E+00   2.4229972299597172E-01   1.8769082003778101E-03   6.2928947081236980E-03
         1        130  -2.6260652536186164E-25   1.7212655207929695E-01   5.7521038632138226E-05   2.5759952188196943E-03
         1        131   0.0000000000000000E+00   1.0570361202971119E-01   1.8489417893257805E-04   1.5549711475378919E-03
         1        132  -4.9717629030880477E-24   8.4972665741081685E-02   3.1911901194996263E-03   4.6652221157614760E-03
         1        133   0.0000000000000000E+00   1.0076522431358850E+00   4.9645385457675476E-03   1.8047485524115680E-02
         1        134   0.0000000000000000E+00   1.2884452520115913E-01   4.1863853165096210E-05   9.0606167248489795E-04
         1        135   0.0000000000000000E+00   1.2746033660365860E-01   6.3079496892407753E-04   2.4793894917718301E-03
         1        136  -3.8151077981096251E-28   7.9029534776890398E-02   2.0497490354580739E-05   8.4448336044431224E-04
         1        137   0.0000000000000000E+00   1.7335583452569767E-01   6.2938366573633549E-05   9.2626168935726620E-04
         1        138  -1.0027694659987896E-29   1.0026948367435244E-01   1.4253411107100625E-03   2.7723716508255315E-03
         1        139   0.0000000000000000E+00   4.1072210243165225E-01   9.7188429518541561E-04   4.7188663887927570E-03
         1        140   0.0000000000000000E+00   1.1337426900752751E-01   2.1974858389518380E-04   2.7728666515240952E-03
         1        141   0.0000000000000000E+00   4.9984709623384603E-02   2.9075668088928943E-04   9.0341671965359766E-04
         1        142  -7.8908717129421117E-26   2.5229353895306634E-02   8.6568218254778195E-06   3.8591807377496071E-04
         1        143   0.0000000000000000E+00   2.3788563002781413E-02   2.3001058278871328E-05   1.3420222442165207E-04
         1        144  -2.7725669818598705E-24   1.2017407698195337E-02   7.2657579526205838E-05   1.0760941358278443E-04
         2          1   0.0000000000000000E+00   2.2141659706148097E+01   8.0314381099853260E-01   1.2435599780638655E+00
         2          2   0.0000000000000000E+00   2.7301712660954003E+01   3.0139562348356876E+00   4.5727966709623287E+00
         2          3   0.0000000000000000E+00   1.4073590587167610E+01   8.8231876105412930E+00   2.5398938660809396E+00
         2          4   0.0000000000000000E+00   1.8950458251029232E+01   6.7405283383460401E-01   1.0567024981653679E+00
         2          5   0.0000000000000000E+00   2.3162376033542529E+01   2.4758039521903386E+00   3.8907701246530420E+00
         2          6   0.0000000000000000E+00   1.2006964347400327E+01   7.5336557286021675E+00   2.1613400439851986E+00
         2          7   0.0000000000000000E+00   1.4301486615218913E+01   4.8534186667985313E-01   7.8405395681637124E-01
         2          8   0.0000000000000000E+00   1.7161829365533929E+01   1.7137399690328561E+00   2.8969752208269197E+00
         2          9   0.0000000000000000E+00   9.0148456166189135E+00   5.6585040757163672E+00   1.6136791289541543E+00
         2         10   0.0000000000000000E+00   9.3664748543897822E+00   2.8529143714905020E-01   4.9669207675056509E-01
         2         11   0.0000000000000000E+00   1.0818981007582844E+01   9.5171230772091642E-01   1.8345938068593539E+00
         2         12   0.0000000000000000E+00   5.8709255641846410E+00   3.6591820772967036E+00   1.0363797485248052E+00
         2         13   0.0000000000000000E+00   5.3663757947634281E+00   1.2769767279732541E-01   2.7435923402499057E-01
         2         14   0.0000000000000000E+00   5.6292275686375364E+00   4.0227014615883860E-01   9.5170976452805500E-01
         2         15   0.0000000000000000E+00   3.3282004089628385E+00   1.9692984067713233E+00   5.5786584362257718E-01
         2         16   0.0000000000000000E+00   2.8643474226925738E+00   4.0951458611156948E-02   1.5043903187713623E-01
         2         17   0.0000000000000000E+00   2.2945066243366248E+00   1.2675522899793365E-01   3.8274589263779379E-01
         2         18   0.0000000000000000E+00   1.6457279820304902E+00   7.7618659297363168E-01   2.2604711339984201E-01
         2         19   0.0000000000000000E+00   1.6384925569816930E+00   1.1500560870037651E-02   8.3166085091300468E-02
         2         20   0.0000000000000000E+00   7.7313015929544027E-01   3.3395686004027113E-02   1.1726966166471711E-01
         2         21   0.0000000000000000E+00   6.7774444886202945E-01   1.6877061724857828E-01   5.5802610428867347E-02
         2         22   0.0000000000000000E+00   8.4251789713788838E-01   3.4830792205802403E-03   3.5496656826786079E-02
         2         23   0.0000000000000000E+00   3.2887927069667117E-01   6.1964073547346081E-03   2.2529866428963510E-02
         2         24   0.0000000000000000E+00   2.3828553407579825E-01   1.3496301975535661E-02   7.0194700728488744E-03
         2         25   0.0000000000000000E+00   1.5214721958895284E+01   4.0484885572707845E-02   3.8086385913479337E-01
         2         26   0.0000000000000000E+00   4.8041756165091503E+00   3.8323593524406875E-02   2.3900080912723906E-01
         2         27   0.0000000000000000E+00   4.9774879348730785E+00   2.2297259466383143E-01   3.9659258690340404E-01
         2         28   0.0000000000000000E+00   1.6573708554449617E+01   5.4775568515084205E-01   2.1491164215021770E+00
         2         29   0.0000000000000000E+00   3.6992940433134627E+00   3.2759257693888844E-01   3.3353604145393168E-01
         2         30   0.0000000000000000E+00   5.8480218216843767E+00   2.1701511706577734E+00   7.4765821030901392E-01
         2         31   0.0000000000000000E+00   3.1281375308057630E+01   9.4716742904346923E-02   6.4247393871881375E-01
         2         32   0.0000000000000000E+00   1.0498711428924484E+01   1.1928004715237350E-01   6.7840476605924049E-01
         2         33   0.0000000000000000E+00   1.2543073488567769E+01   7.9162865453708608E-01   1.2885073497300543E+00
         2         34   0.0000000000000000E+00   4.4178336663296228E+01   1.4657046790804678E+00   5.7349887200865064E+00
         2         35   0.0000000000000000E+00   7.6397235517695883E+00   1.4872918603409280E+00   1.1431719570162084E+00
         2         36   0.0000000000000000E+00   1.0547755556017419E+01   3.8964672327810224E+00   1.3999874903246130E+00
         2         37   0.0000000000000000E+00   2.7280755815194158E+00   3.5873186445048878E-03   5.0758246269370956E-02
         2         38   0.0000000000000000E+00   7.4988440521376998E-01   2.8393873972736407E-03   3.0338842191057092E-02
         2         39   0.0000000000000000E+00   8.9540583490823189E-01   1.3524846713051691E-02   4.0325644019803528E-02
         2         40   0.0000000000000000E+00   1.3488909623758090E+00   3.7797458530558270E-02   1.5219941859133473E-01
         2         41   0.0000000000000000E+00   7.8581139064301819E-01   1.2859383181569253E-02   3.3275650352311899E-02
         2         42   0.0000000000000000E+00   7.5190779240021210E-01   1.8165555425941599E-01   7.0162967747829097E-02
         2         43   0.0000000000000000E+00   1.2264182053134434E+01   3.7550657861949437E-02   2.4982762611929268E-01
         2         44   0.0000000000000000E+00   4.8649286343025340E+00   4.8585760588040434E-02   3.0453221955729898E-01
         2         45   0.0000000000000000E+00   5.4677058082936316E+00   3.6687343483561580E-01   5.8710507442594650E-01
         2         46   0.0000000000000000E+00   1.8351358044385119E+01   6.0046400708002301E-01   2.3689973968041089E+00
         2         47   0.0000000000000000E+00   3.3871437331795784E+00   7.4977415565358863E-01   5.1941407599281075E-01
         2         48   0.0000000000000000E+00   3.2621659477280569E+00   8.9811111685461620E-01   3.5947635424967073E-01
         2         49   0.0000000000000000E+00   9.6412488304572889E+01   3.3015183320460229E-01   2.1262822594809738E+00
         2         50   0.0000000000000000E+00   2.6520496675641496E+01   4.9913829378600238E-01   1.8137834017050001E+00
         2         51   0.0000000000000000E+00   2.9649901952262141E+01   2.4566958196208524E+00   3.7800935384405316E+00
         2         52   0.0000000000000000E+00   1.3717502345322686E+02   5.1849169501275085E+00   1.8940398080969047E+01
         2         53   0.0000000000000000E+00   2.0722148791120812E+01   4.9837292140081262E+00   3.4491126167535278E+00
         2         54   0.0000000000000000E+00   3.7813777330668316E+01   1.6137839196724386E+01   5.6385687093213894E+00
         2         55   0.0000000000000000E+00   9.0822093338834705E+01   3.2222735060407104E-01   1.9638337677083990E+00
         2         56   0.0000000000000000E+00   2.6540334826324010E+01   4.5609265038397256E-01   1.7946253287480747E+00
         2         57   0.0000000000000000E+00   2.9438577672098514E+01   2.3321102847223627E+00   3.6077285209002135E+00
         2         58   0.0000000000000000E+00   1.2990535679620348E+02   4.7668552876376378E+00   1.7705339289972052E+01
         2         59   0.0000000000000000E+00   2.0739161201672434E+01   4.9727460599610325E+00   3.3815179709238636E+00
         2         60   0.0000000000000000E+00   3.3716628766238884E+01   1.3725220256995774E+01   4.8049123472560318E+00
         2         61   0.0000000000000000E+00   2.8089860984950192E+01   8.7884657937432428E-02   5.9672816511595073E-01
         2         62   0.0000000000000000E+00   7.8390146737511728E+00   1.4202562519473219E-01   5.2529697023863697E-01
         2         63   0.0000000000000000E+00   8.7025612900420590E+00   7.1100289398228145E-01   1.0971670425188282E+00
         2         64   0.0000000000000000E+00   3.8950646888061520E+01   1.4769133450594520E+00   5.3590000602632859E+00
         2         65   0.0000000000000000E+00   6.0055163187903178E+00   1.4225904020735487E+00   9.7580223346084760E-01
         2         66   0.0000000000000000E+00   1.0697980659993332E+01   4.6410886644445988E+00   1.6365042493460689E+00
         2         67   0.0000000000000000E+00   2.2636142292835405E+01   7.4751567827814835E-02   4.8296457571214330E-01
         2         68   0.0000000000000000E+00   7.5106423056301646E+00   1.0323451603653966E-01   4.9433177426064112E-01
         2         69   0.0000000000000000E+00   8.3163886021731326E+00   6.1897041389138807E-01   9.6948122282215010E-01
         2         70   0.0000000000000000E+00   3.2539146211840396E+01   1.1193388350056872E+00   4.3060589375563678E+00
         2         71   0.0000000000000000E+00   5.7902779481030890E+00   1.3974885296645314E+00   9.1709191834175918E-01
         2         72   0.0000000000000000E+00   7.2630443406286913E+00   2.3710668893386804E+00   8.9002028458176785E-01
         2         73   0.0000000000000000E+00   2.3387900299025095E+01   6.3380459768995895E-02   5.3618357877654010E-01
         2         74   0.0000000000000000E+00   7.2906813854161632E+00   7.1013915983405632E-02   4.0100746024146855E-01
         2         75   0.0000000000000000E+00   7.5311204386247574E+00   4.4625129140359032E-01   7.4731108103419885E-01
         2         76   0.0000000000000000E+00   2.8888005076059926E+01   9.9212169903100744E-01   3.8188841690110822E+00
         2         77   0.0000000000000000E+00   5.6829546983384676E+00   7.0115072235669140E-01   6.2596208155163979E-01
         2         78   0.0000000000000000E+00   9.1761895029341964E+00   3.7464080786360010E+00   1.2879667531083601E+00
         2         79   0.0000000000000000E+00   2.0668517774039234E+01   5.4527721468932096E-02   4.3023645991139148E-01
         2         80   0.0000000000000000E+00   7.3027291172427979E+00   6.6430719159311619E-02   3.9899702378897678E-01
         2         81   0.0000000000000000E+00   7.7975505972270067E+00   4.2117546779689435E-01   7.0140706859119761E-01
         2         82   0.0000000000000000E+00   2.6389795821084405E+01   8.7719095332453834E-01   3.4066403267751886E+00
         2         83   0.0000000000000000E+00   4.5426759117299360E+00   6.9305311249053936E-01   6.0032689824261731E-01
         2         84   0.0000000000000000E+00   7.4330498763199664E+00   2.9325293398417549E+00   1.0166612994560789E+00
         2         85   0.0000000000000000E+00   7.1579657622515445E+00   1.6080330561753845E-02   1.3513492864233048E-01
         2         86   0.0000000000000000E+00   2.1406398124787489E+00   2.0221583440554716E-02   1.1959228150768285E-01
         2         87   0.0000000000000000E+00   2.2819901750477665E+00   1.2834633553625846E-01   2.1659790790746300E-01
         2         88   0.0000000000000000E+00   8.0241711797317716E+00   2.7297639279062014E-01   1.0401568569594835E+00
         2         89   0.0000000000000000E+00   1.7329579399467101E+00   2.0012494765734401E-01   1.7520433852730127E-01
         2         90   0.0000000000000000E+00   2.5149208296511376E+00   1.0928106925156351E+00   3.7904381541502152E-01
         2         91   0.0000000000000000E+00   4.7272266163498848E+00   1.0618092071678605E-02   8.9415223881820272E-02
         2         92   0.0000000000000000E+00   1.9542393477315974E+00   1.4985144980475811E-02   1.0508375829646657E-01
         2         93   0.0000000000000000E+00   2.1854110784368710E+00   1.0903300188369461E-01   1.8235145522273266E-01
         2         94   0.0000000000000000E+00   6.2356840507509483E+00   1.9710228478163769E-01   7.7826113957966658E-01
         2         95   0.0000000000000000E+00   1.4288430613306842E+00   1.9120286200172987E-01   1.5403923696620628E-01
         2         96   0.0000000000000000E+00   1.2731325257838979E+00   3.5764348608644225E-01   1.3557060785220162E-01
         2         97   0.0000000000000000E+00   3.3143253593614590E+00   8.1020284631941920E-03   1.2362215611075930E-01
         2         98   0.0000000000000000E+00   8.5620995610933004E-01   3.1137905313266081E-03   3.2356443063492862E-02
         2         99   0.0000000000000000E+00   9.2357191009069750E-01   1.4906774966304309E-02   4.1337919375377223E-02
         2        100   0.0000000000000000E+00   1.8295167053944543E+00   5.4351711160958535E-02   2.1844257456208616E-01
         2        101   0.0000000000000000E+00   6.7345728408046279E-01   1.4330431684615402E-02   3.3361862732689637E-02
         2        102   0.0000000000000000E+00   9.8927415778953831E-01   2.1196311249415106E-01   8.1083119525874006E-02
         2        103   0.0000000000000000E+00   2.1843150298312586E+00   4.7211566805817878E-03   6.7496294017643135E-02
         2        104   0.0000000000000000E+00   8.6118703351048775E-01   3.0175374592560258E-03   3.2181382448349727E-02
         2        105   0.0000000000000000E+00   7.9892277202806461E-01   1.3002643429586867E-02   3.1911513733193231E-02
         2        106   0.0000000000000000E+00   1.3992959649761740E+00   3.8536273261603901E-02   1.5478282014821113E-01
         2        107   0.0000000000000000E+00   6.3321027344441860E-01   1.2873933896936234E-02   2.5298808877426138E-02
         2        108   0.0000000000000000E+00   6.5163948262956561E-01   1.4954469626195033E-01   5.6403155208198059E-02
         2        109   0.0000000000000000E+00   1.2629693393317984E+00   1.4817062882992765E-03   2.1167573019130404E-02
         2        110   0.0000000000000000E+00   3.0025658181704895E-01   9.9526587545405404E-04   1.1162926871153504E-02
         2        111   0.0000000000000000E+00   3.4119660744259034E-01   4.3052171797657909E-03   1.2760626505834059E-02
         2        112   0.0000000000000000E+00   4.1462080169622589E-01   1.1373575662567628E-02   4.5456003377870431E-02
         2        113   0.0000000000000000E+00   2.2418040537699790E-01   4.1844399242493609E-03   1.0486392823188367E-02
         2        114   0.0000000000000000E+00   3.7904038466870965E-01   6.3298874894490237E-02   2.6083028520800133E-02
         2        115   0.0000000000000000E+00   5.7053709953595089E-01   2.9510599373368008E-04   4.5141788408044623E-03
         2        116   0.0000000000000000E+00   2.2223329631793565E-01   6.1935555812306278E-04   7.1258973177929664E-03
         2        117   0.0000000000000000E+00   2.2891914883719214E-01   2.9933964430866366E-03   6.9229165065897019E-03
         2        118   0.0000000000000000E+00   2.6149797725789059E-01   6.2440767035177496E-03   2.5130070376003028E-02
         2        119   0.0000000000000000E+00   1.6279404771720074E-01   3.0355158312961707E-03   4.5639668730054509E-03
         2        120   0.0000000000000000E+00   8.8213087336188503E-02   1.0398636093872985E-02   4.4714190112436622E-03
         2        121   0.0000000000000000E+00   1.3004373945023833E+00   2.8326121770694767E-03   4.8527158652823275E-02
         2        122   0.0000000000000000E+00   1.9777052601192538E-01   3.6318214133862335E-04   4.4654121160265098E-03
         2        123   0.0000000000000000E+00   2.5534621125617063E-01   8.7358180299138173E-04   4.7967525337470826E-03
         2        124   0.0000000000000000E+00   2.5057774669249988E-01   6.3219237617849252E-03   2.5758548366665277E-02
         2        125   0.0000000000000000E+00   1.8298434685353634E-01   6.8327394185035235E-04   3.5290025511276299E-03
         2        126   0.0000000000000000E+00   1.7861288779236251E-01   1.2728428885394143E-02   6.7500360463738336E-03
         2        127   0.0000000000000000E+00   6.7326934245957015E-01   1.4824460725704884E-03   2.4794130317503434E-02
         2        128   0.0000000000000000E+00   2.1753245099500429E-01   3.5383407054559695E-04   4.4677108677968688E-03
         2        129   0.0000000000000000E+00   1.5488773680286894E-01   6.3645498214052001E-04   3.0243793969902903E-03
         2        130   0.0000000000000000E+00   2.5300835772869940E-01   3.5758471702951257E-03   1.4551643915095801E-02
         2        131   0.0000000000000000E+00   1.2340511086539982E-01   4.9617720057031686E-04   2.2879422257494056E-03
         2        132   0.0000000000000000E+00   1.1933923312378303E-01   8.5448454021170104E-03   4.1554687487929433E-03
         2        133   0.0000000000000000E+00   4.4711088293812490E-01   4.4631516005092507E-04   7.5691771764721623E-03
         2        134   0.0000000000000000E+00   7.0116559177390653E-02   1.2700082053806493E-04   1.7031744530277373E-03
         2        135   0.0000000000000000E+00   9.3617122491589544E-02   2.6400054465395732E-04   1.6004706272408694E-03
         2        136   0.0000000000000000E+00   5.4771369713988667E-02   1.0026509675534194E-03   4.0978999930920421E-03
         2        137   0.0000000000000000E+00   5.9195524283075188E-02   2.1506892642833946E-04   1.2284594894343562E-03
         2        138   0.0000000000000000E+00   1.1794330839485583E-01   3.8783364698036756E-03   2.3710991842452803E-03
         2        139   0.0000000000000000E+00   1.5737439778164763E-01   2.9609354043965776E-05   7.3798209131013381E-04
         2        140   0.0000000000000000E+00   5.6415689957286110E-02   6.4421335624367571E-05   8.7971156235752159E-04
         2        141   0.0000000000000000E+00   4.1248980602230652E-02   1.1677128963653897E-04   5.2780118986595482E-04
         2        142   0.0000000000000000E+00   4.7006679744035565E-02   2.5028392429903696E-04   1.0515156860228516E-03
         2        143   0.0000000000000000E+00   2.4561977780732089E-02   8.0338633382965382E-05   2.8550122520235353E-04
         2        144   0.0000000000000000E+00   1.1945998219764069E-02   4.7872024259824235E-04   2.4550410830082926E-04
         3          1   0.0000000000000000E+00   1.8963171083252316E+01   7.0820425864807934E-01   1.2731581158928771E+00
         3          2  -2.6552127704259960E-16   8.1374294331055363E+00   7.2620615024989366E-01   1.3698140773646108E+00
         3          3   0.0000000000000000E+00   1.9202355151450888E+01   1.1439687769126978E+01   1.7131909659796458E+00
         3          4   0.0000000000000000E+00   1.6956486363025284E+01   5.8765275111581416E-01   1.0780332277634386E+00
         3          5  -1.2492380632256864E-16   6.9109444422082387E+00   6.0628399557065193E-01   1.1525075411329229E+00
         3          6   0.0000000000000000E+00   1.5879961422738297E+01   9.3923699802447587E+00   1.4104249435601759E+00
         3          7   0.0000000000000000E+00   1.3819829055872750E+01   4.2136860338712440E-01   8.0526012385363754E-01
         3          8  -2.7652663490902963E-17   5.1499074364878190E+00   4.3942460535386202E-01   8.4817854350552413E-01
         3          9   0.0000000000000000E+00   1.1269419536697681E+01   6.5510704052969002E+00   9.9648031555544037E-01
         3         10   0.0000000000000000E+00   1.0042527094930637E+01   2.5806754492726952E-01   5.2877356371364814E-01
         3         11  -1.8319015802929237E-18   3.4035892336690408E+00   2.7264532946634551E-01   5.3979768535213424E-01
         3         12   0.0000000000000000E+00   6.7255495855263856E+00   3.7260675296966208E+00   5.9346222595795761E-01
         3         13   0.0000000000000000E+00   6.2756391430184877E+00   1.3470507369884679E-01   3.0400167662245270E-01
         3         14  -1.4695885865319806E-20   2.0015590418274565E+00   1.4188105915741117E-01   2.9069770425926583E-01
         3         15   0.0000000000000000E+00   3.2312067972306031E+00   1.5788827387095516E+00   2.8352135146525131E-01
         3         16   0.0000000000000000E+00   3.1172661748596018E+00   5.6790700193403189E-02   1.4175274938309471E-01
         3         17  -2.0101902231387653E-24   9.8757282763716259E-01   5.4992349770033484E-02   1.1667292111910758E-01
         3         18   0.0000000000000000E+00   1.2841109763902749E+00   3.8413278331967293E-01   8.7172396576836730E-02
         3         19   0.0000000000000000E+00   1.1371226743136693E+00   1.6161928615529581E-02   4.4465969396284125E-02
         3         20  -1.6991361040556025E-31   4.9168800303952553E-01   1.1893427068233308E-02   2.6344662299420629E-02
         3         21   0.0000000000000000E+00   4.4376816474407571E-01   3.3910560413220200E-02   1.1828615933923923E-02
         3         22   0.0000000000000000E+00   4.3297668908707915E-01   2.2879368683043962E-03   7.3965443171517065E-03
         3         23  -7.1197122001728329E-44   2.2409395118662084E-01   9.4840055261635433E-04   2.4388988816393853E-03
         3         24   0.0000000000000000E+00   1.4869748670990912E-01   6.1665121141355047E-04   8.9171967806574040E-04
         3         25  -7.3602202196139449E-19   4.0113434479982097E+01   9.5453664003269961E-02   4.0667936172473768E-01
         3         26  -1.1402969717673800E-18   9.1489635014382831E+00   6.9146082263333214E-02   2.7404162371308327E-01
         3         27  -1.6237559365702207E-17   1.6865411712041372E+01   5.5066745256364724E-01   1.1283046894576696E+00
         3         28  -2.0932060345488642E-19   4.2750571173718104E+00   9.6733355245474703E-02   2.7072100581680986E-01
         3         29  -8.1475917152151247E-18   8.2498886408218830E+00   6.0019828964079969E-01   1.2088335028807382E+00
         3         30   0.0000000000000000E+00   1.4520990875087223E+01   4.2659410118499617E+00   1.2437248267423904E+00
         3         31  -3.5141000120522790E-18   8.5034605402236394E+01   2.4927737469392006E-01   1.0235597204876246E+00
         3         32  -6.9981243697365336E-18   1.7764519486182401E+01   1.3565168786302334E-01   4.9725276354594744E-01
         3         33  -2.3327382249914260E-16   4.1063017823579408E+01   1.6351348514755495E+00   3.0574074795397279E+00
         3         34  -1.0092493554353162E-17   6.6596496717502394E+00   1.3887546094341846E-01   3.9535257240447108E-01
         3         35  -1.1752566922811854E-16   2.4056032583443777E+01   1.8596642078491545E+00   3.6535729956490193E+00
         3         36   0.0000000000000000E+00   3.7987520722741465E+01   1.1871752677230369E+01   3.3006015170769705E+00
         3         37  -1.1464044194377426E-22   5.9944882979303742E+00   9.6601673320518139E-03   5.4854285349516529E-02
         3         38  -8.7519713183733940E-23   1.5098176277105271E+00   7.6188773173741292E-03   3.8848478027798020E-02
         3         39  -2.5818195587059693E-21   2.2523166059620556E+00   5.3802616752978163E-02   1.3047879177990601E-01
         3         40  -1.8812058321920841E-22   1.1503680267852865E+00   1.4889783358518968E-02   4.3526870478755239E-02
         3         41  -1.0227092095307785E-21   8.7720437220316794E-01   5.2192596479845012E-02   1.1186318774201270E-01
         3         42   0.0000000000000000E+00   1.4081679614021287E+00   2.4864811104018050E-01   1.0086899047294662E-01
         3         43  -1.5166309153997531E-18   3.3536755071942856E+01   1.0376310017902195E-01   4.4307818008403427E-01
         3         44  -3.3244450021559031E-18   7.0928362639091338E+00   4.4401050310200488E-02   1.6497589890989306E-01
         3         45  -1.7307095725128394E-16   1.8171597433719345E+01   7.5472674781677196E-01   1.3728794287482755E+00
         3         46  -9.1079854687739130E-18   3.0270923181429055E+00   3.5221890614357966E-02   1.0899632204479152E-01
         3         47  -8.8063629208511172E-17   1.0736292427031247E+01   8.3751445970366056E-01   1.6283400618406203E+00
         3         48   0.0000000000000000E+00   1.5060977038798008E+01   4.2092632438650606E+00   1.2324575343741828E+00
         3         49  -5.9208766752421665E-18   1.2600332508973101E+02   5.5997751043983435E-01   1.9464352323600271E+00
         3         50  -3.2830535743193117E-17   3.4938343517836422E+01   4.7054805169481617E-01   1.6682327393854819E+00
         3         51  -3.6955222376907589E-15   1.0729547580472791E+02   4.9945873603185866E+00   9.0341258434249703E+00
         3         52  -6.0339453779352526E-17   2.3634518766265913E+01   7.6497442997463860E-01   1.9564042225332159E+00
         3         53  -1.8267125706537807E-15   6.2563313739105958E+01   5.1477053340792960E+00   9.8775737463503592E+00
         3         54   0.0000000000000000E+00   1.2130147359326645E+02   4.2980472775867987E+01   1.1987024131436952E+01
         3         55  -8.8388611835580540E-18   1.5935270610521576E+02   6.5249442667714452E-01   2.3256336624987606E+00
         3         56  -1.4863435976225499E-16   3.5263574530363407E+01   4.2522829080945684E-01   1.4621780098236283E+00
         3         57  -3.7342607116197144E-15   1.0060047486205301E+02   4.7154893782333378E+00   8.4253129973158245E+00
         3         58  -1.2032259190414479E-16   2.0287237792250306E+01   6.0803266271654288E-01   1.5422010019715069E+00
         3         59  -1.7472061113785291E-15   6.2534395322369491E+01   5.1102828348907332E+00   9.8219652865186227E+00
         3         60   0.0000000000000000E+00   1.1463414743375736E+02   3.9714881987464800E+01   1.0601759570078746E+01
         3         61  -6.1506762918806179E-20   2.8855183796325580E+01   1.3916545406510195E-01   5.2232824663459299E-01
         3         62  -9.2188583771605233E-18   1.0232946295062556E+01   1.3493607618471251E-01   4.9977822827914414E-01
         3         63  -1.0663490659585986E-15   3.6047968182000410E+01   1.4620450277236803E+00   2.6752704467881041E+00
         3         64  -2.5076887334927979E-19   7.4932737383193890E+00   2.1830419332407219E-01   5.7557859985242799E-01
         3         65  -5.3663942481221184E-16   1.7778744925622998E+01   1.4734943190286129E+00   2.8301683550317840E+00
         3         66   0.0000000000000000E+00   3.4688319607788145E+01   1.2239507365294523E+01   3.5536137823710097E+00
         3         67  -1.8910293264495347E-18   4.7673677090072815E+01   1.8741811404170847E-01   7.2819034915211756E-01
         3         68  -5.9872739760893461E-17   1.0191561668203640E+01   9.4068659282273065E-02   3.2676567514596128E-01
         3         69  -1.0960414490202879E-15   2.8647433154179776E+01   1.2613039836923605E+00   2.2508475715075194E+00
         3         70  -2.5457009866145309E-17   4.4967180312293547E+00   9.9314381743699359E-02   2.6599006365589417E-01
         3         71  -4.9908899926442455E-16   1.7458215576809049E+01   1.4069426212673934E+00   2.7114664654449721E+00
         3         72   0.0000000000000000E+00   2.8020073137105033E+01   8.8597753426692858E+00   2.4298014338722913E+00
         3         73  -2.7789448664345759E-21   3.6733894534280857E+01   8.8803756554627897E-02   3.8190097982973126E-01
         3         74  -1.2441139112341672E-19   9.1211547441669740E+00   7.1653491894895324E-02   2.8746636733877939E-01
         3         75  -1.1919323595091008E-17   1.7657518272155372E+01   6.1428325019059160E-01   1.2666860151309307E+00
         3         76  -3.4512773779082840E-19   4.4361575720286828E+00   1.1756431494366670E-01   3.1989422402306761E-01
         3         77  -5.9675841221494465E-18   8.9127953444299965E+00   6.4573818052072041E-01   1.3006435686683164E+00
         3         78   0.0000000000000000E+00   1.5699834568949981E+01   4.6720423064099057E+00   1.4222603688438573E+00
         3         79  -4.1484917282408809E-21   4.0804499383017394E+01   9.2468241484695693E-02   4.0494637682206641E-01
         3         80  -6.3366826553273800E-19   8.9657005869042656E+00   5.8724589669527233E-02   2.2955175372971828E-01
         3         81  -1.2248738374142491E-17   1.7661450128920244E+01   5.6867627962151623E-01   1.1589410117648531E+00
         3         82  -6.8821743234302346E-19   3.2636913205681157E+00   7.1269109118812568E-02   2.0228027753155875E-01
         3         83  -5.5406849812523413E-18   8.8829888900236806E+00   6.3341104097347112E-01   1.2790689184229374E+00
         3         84   0.0000000000000000E+00   1.4082130758149681E+01   4.0916282187139315E+00   1.2097810476306046E+00
         3         85  -2.8868005945628669E-23   9.3197447124855373E+00   2.2024576316435878E-02   1.0765513343473053E-01
         3         86  -1.7730267447377540E-20   2.5419720797882039E+00   1.9297189264549874E-02   8.4905436757815131E-02
         3         87  -3.4726621200922454E-18   5.4923379517020745E+00   1.8103266321177960E-01   3.7769985592301347E-01
         3         88  -1.4343400303866723E-21   2.0532334249740116E+00   3.7372320908915874E-02   1.0427428007419245E-01
         3         89  -1.7855172190025661E-18   2.5273728942163638E+00   1.8527833987926010E-01   3.7401935782556872E-01
         3         90   0.0000000000000000E+00   4.5069029721680272E+00   1.3359853810405931E+00   4.2031208152987254E-01
         3         91  -5.4398316305038163E-22   1.0855188947215737E+01   2.1456961542027597E-02   1.0511671716173264E-01
         3         92  -2.6253051356338926E-19   2.4297324680645169E+00   9.3294527693318537E-03   3.7652484175723089E-02
         3         93  -3.7370979887836576E-18   5.0133846598720782E+00   1.4722063648720096E-01   2.9947712691097250E-01
         3         94  -9.0183470534974047E-20   9.7403446226668888E-01   7.3806291393291677E-03   2.4328219721877094E-02
         3         95  -1.6817372124268763E-18   2.3621623124713609E+00   1.6272827759632588E-01   3.2867314484341065E-01
         3         96   0.0000000000000000E+00   2.8960772732680762E+00   7.4908755987120135E-01   2.2980793471115596E-01
         3         97  -8.6635864608947299E-30   3.9223343333925222E+00   5.4886760339306557E-03   3.1131466947293001E-02
         3         98  -1.8744815258697396E-25   1.1373970029621681E+00   3.8304489424927307E-03   1.9064801512244090E-02
         3         99  -9.2381878943733597E-24   7.4312018562941251E-01   1.5203230128941021E-02   3.8402997696170338E-02
         3        100  -6.4096749626520392E-25   3.7732047584789530E-01   5.1300889151267501E-03   1.6013692731912263E-02
         3        101  -5.0055241067480781E-24   5.7625838772982663E-01   1.4187030941923919E-02   3.0952638895722997E-02
         3        102   0.0000000000000000E+00   7.0495063591213936E-01   5.3862825989859836E-02   2.5008960288528084E-02
         3        103  -1.2933260103153476E-29   3.6729870247068255E+00   4.7134018668395150E-03   2.7991894549061112E-02
         3        104  -9.7605754882926753E-25   1.0557070966517099E+00   2.6365941973758023E-03   1.3132398008057789E-02
         3        105  -1.0134411446427820E-23   7.3944523109085603E-01   1.3259567807186338E-02   3.3427906607348935E-02
         3        106  -1.2781499607033260E-24   3.3145013661085804E-01   2.3892024320171772E-03   8.6581329443895221E-03
         3        107  -4.8210308332117194E-24   4.4528576300278921E-01   1.3322498395055794E-02   2.9095986312126100E-02
         3        108   0.0000000000000000E+00   4.2462403797587928E-01   4.4582557909218438E-02   2.0289356948783064E-02
         3        109  -8.9998354585731466E-32   1.2206397515341623E+00   1.3616750406238111E-03   9.5967228978600192E-03
         3        110  -2.9226010689644518E-27   3.0405527241879338E-01   9.7193085415642980E-04   5.9729941912376539E-03
         3        111  -2.7727252373144438E-24   2.1338248995102552E-01   4.5521430101938196E-03   1.1648438848211509E-02
         3        112  -2.6638407679277918E-27   2.4154573125910186E-01   1.7204917448038202E-03   5.6047970557187334E-03
         3        113  -1.5886328760428154E-24   1.4054300800345737E-01   4.1429163175707301E-03   9.1595397344816504E-03
         3        114   0.0000000000000000E+00   3.1460073513735387E-01   1.5674682600509339E-02   7.4407111291759677E-03
         3        115  -9.9608490083480865E-31   8.2574502926460180E-01   6.6234777373943470E-04   5.0755388187606974E-03
         3        116  -4.0557370786866107E-25   2.3547339348853188E-01   2.0674635739916474E-04   1.3889216729544684E-03
         3        117  -3.4560387065696876E-24   2.0781229261191020E-01   3.1416652829237284E-03   8.0386287250136627E-03
         3        118  -1.6748776462685474E-25   1.0847250883957762E-01   9.6352378317198425E-05   6.3958396596240749E-04
         3        119  -1.5823948155697071E-24   1.2541960074101208E-01   3.0175685408675187E-03   6.6398835240951797E-03
         3        120   0.0000000000000000E+00   5.6925049832609272E-02   6.4578702107662873E-03   2.9794918128480297E-03
         3        121  -3.9754745365731759E-39   6.0477201143768333E-01   5.4708897028236914E-04   3.7827301792101881E-03
         3        122  -8.3869113222186926E-32   2.1766799651718124E-01   2.9086612312762922E-04   1.6804405494100553E-03
         3        123  -2.1183885827181020E-30   1.9854034300741757E-01   4.9897201927579795E-04   1.4557654013146971E-03
         3        124  -3.2736841178595757E-31   8.7171241079318909E-02   2.8327636090626842E-04   1.0251978491911252E-03
         3        125  -1.2994700504088142E-30   1.7573556078827593E-01   3.5514745418249049E-04   9.2876712660107852E-04
         3        126   0.0000000000000000E+00   9.8831623156974607E-02   6.0794935812696752E-04   5.5616874928409821E-04
         3        127  -5.9347068846190583E-39   4.8149959941754028E-01   4.4663447902748159E-04   3.3367030388626222E-03
         3        128  -4.3673108482849897E-31   1.8715860601326115E-01   1.8865126746433727E-04   1.1144102004044208E-03
         3        129  -2.5571233013916981E-30   6.4970915461319348E-02   4.1233796842337560E-04   1.2031786734349303E-03
         3        130  -6.5280365244387653E-31   6.7533621524780443E-02   1.3136030555646640E-04   5.5712461058300829E-04
         3        131  -1.4580976902210214E-30   8.0182938507784560E-02   3.1759392837712221E-04   8.1951691976373095E-04
         3        132   0.0000000000000000E+00   5.0187442454367820E-02   4.8441778684791593E-04   4.1636211817903387E-04
         3        133  -4.1297696814594820E-41   2.4790873026415242E-01   1.3521274893002537E-04   1.2158617873021308E-03
         3        134  -1.1842518239868172E-34   7.8321291902351195E-02   7.4320270819905191E-05   5.5298416143932314E-04
         3        135  -6.5852209042300632E-31   4.9515843239960951E-02   1.5092584074928545E-04   4.5018701366763246E-04
         3        136  -1.3605328297121449E-33   3.4006004072140633E-02   9.1400109135251996E-05   3.5686092223582907E-04
         3        137  -4.2915093507684660E-31   4.5354338096324096E-02   1.0496332421817235E-04   2.7285865264594099E-04
         3        138   0.0000000000000000E+00   6.0695381900039251E-02   1.8054265808258485E-04   1.7428894562190178E-04
         3        139  -4.5707515904733528E-40   1.0315737818030642E-01   5.2637310212019603E-05   5.7369815525595369E-04
         3        140  -1.8145271951194551E-31   3.6146991472062323E-02   1.1695519830235612E-05   1.2035780423808775E-04
         3        141  -9.8625378127616489E-31   1.8564825499621948E-02   9.1047182853718357E-05   2.7469629184635004E-04
         3        142  -8.5542876696492270E-32   2.5235226371142776E-02   4.1757439691933592E-06   4.3882509889340356E-05
         3        143  -5.9157858603399304E-31   1.5551091356493192E-02   6.7181076379003809E-05   1.6790012465321599E-04
         3        144   0.0000000000000000E+00   2.5660488442334150E-03   6.0510644412477551E-05   5.1676996035225928E-05
